#Player Name; GameID; Opponent Name; Player Score; Player PlayTime; Player TotalPlayTime; Player Piece; Player TotalPiece;Player LoseOnDisconnect; Player LoseOnFrame; Player LoseOnMessage; Player LoseOnTimeOut; Player LoseOn BadPlacePlayer;score winGame; score WinDefault; score BigWin Bonus; score Time Bonus; score EndGame Bonus
PLAYER1;0;PLAYER2;6;1155;0;7;114;0;0;0;0;0;1;0;1;0;1;
PLAYER2;0;PLAYER2;8;1231;0;57;114;0;0;0;0;0;1;0;0;0;1;
PLAYER1;1;PLAYER2;8;1337;0;57;114;0;0;0;0;0;1;0;0;0;1;
PLAYER2;1;PLAYER2;6;1079;0;7;114;0;0;0;0;0;1;0;0;0;1;
PLAYER1;2;PLAYER2;6;1261;0;7;114;0;0;0;0;0;1;0;1;0;1;
PLAYER2;2;PLAYER2;8;1436;0;57;114;0;0;0;0;0;1;0;0;0;1;
PLAYER1;3;PLAYER2;8;1556;0;57;114;0;0;0;0;0;1;0;0;0;1;
PLAYER2;3;PLAYER2;6;1352;0;7;114;0;0;0;0;0;1;0;0;0;1;
PLAYER1;4;toto;0;0;0;0;0;0;0;0;1;0;0;0;0;0;0;
toto;4;toto;0;0;0;0;0;0;0;0;0;0;0;1;0;0;0;
Léo;5;marinette;0;0;0;0;0;1;0;0;0;0;0;0;0;0;0;
marinette;5;marinette;0;0;0;0;0;0;0;0;0;0;0;1;0;0;0;
marinette;6;marinette;0;0;0;0;0;1;0;0;0;0;0;0;0;0;0;
marinette;6;marinette;0;0;0;0;0;0;0;0;0;0;0;1;0;0;0;
léo;5;léo;8;0;0;2;4;0;0;0;0;0;1;0;0;0;0;
léo;5;léo;8;0;0;2;4;0;0;0;0;0;1;0;0;0;0;
léo;6;léo;0;0;0;0;0;0;0;0;0;0;0;1;0;0;0;
léo;6;léo;0;0;0;0;0;1;0;0;0;0;0;0;0;0;0;
leo;7;marinne;8;0;0;2;4;0;0;0;0;0;1;0;0;0;0;
marinne;7;marinne;8;0;0;2;4;0;0;0;0;0;1;0;0;0;0;
leo;8;marinne;0;0;0;0;0;0;0;0;0;0;0;1;0;0;0;
marinne;8;marinne;0;0;0;0;0;1;0;0;0;0;0;0;0;0;0;
PLAYER1;9;PLAYER2;0;0;0;0;0;0;0;0;1;0;0;0;0;0;0;
PLAYER2;9;PLAYER2;0;0;0;0;0;0;0;0;1;0;0;0;0;0;0;
leo;10;marinne;8;0;0;2;4;0;0;0;0;0;1;0;0;0;0;
marinne;10;marinne;8;0;0;2;4;0;0;0;0;0;1;0;0;0;0;
leo;11;marinne;0;0;0;0;0;1;0;0;0;0;0;0;0;0;0;
marinne;11;marinne;0;0;0;0;0;0;0;0;0;0;0;1;0;0;0;
leo;12;marinne;8;0;0;2;4;0;0;0;0;0;1;0;0;0;0;
marinne;12;marinne;8;0;0;2;4;0;0;0;0;0;1;0;0;0;0;
leo;13;marinne;0;0;0;0;0;1;0;0;0;0;0;0;0;0;0;
marinne;13;marinne;0;0;0;0;0;0;0;0;0;0;0;1;0;0;0;
leo;14;marinne;8;0;0;2;4;0;0;0;0;0;1;0;0;0;0;
marinne;14;marinne;8;0;0;2;4;0;0;0;0;0;1;0;0;0;0;
leo;15;marinne;0;0;0;0;0;1;0;0;0;0;0;0;0;0;0;
marinne;15;marinne;0;0;0;0;0;0;0;0;0;0;0;1;0;0;0;
leo;16;marinne;8;0;0;2;4;0;0;0;0;0;1;0;0;0;0;
marinne;16;marinne;8;0;0;2;4;0;0;0;0;0;1;0;0;0;0;
leo;17;marinne;0;0;0;0;0;1;0;0;0;0;0;0;0;0;0;
marinne;17;marinne;0;0;0;0;0;0;0;0;0;0;0;1;0;0;0;
leo;18;marinne;8;0;0;2;4;0;0;0;0;0;1;0;0;0;0;
marinne;18;marinne;8;0;0;2;4;0;0;0;0;0;1;0;0;0;0;
leo;19;marinne;0;0;0;0;0;0;0;0;0;0;0;1;0;0;0;
marinne;19;marinne;0;0;0;0;0;1;0;0;0;0;0;0;0;0;0;
leo;20;marinne;8;0;0;2;4;0;0;0;0;0;1;0;0;0;0;
marinne;20;marinne;8;0;0;2;4;0;0;0;0;0;1;0;0;0;0;
leo;21;marinne;0;0;0;0;0;0;0;0;0;0;0;1;0;0;0;
marinne;21;marinne;0;0;0;0;0;1;0;0;0;0;0;0;0;0;0;
leo;22;marinne;8;0;0;2;4;0;0;0;0;0;1;0;0;0;0;
marinne;22;marinne;8;0;0;2;4;0;0;0;0;0;1;0;0;0;0;
leo;23;marinne;0;0;0;0;0;0;0;0;0;0;0;1;0;0;0;
marinne;23;marinne;0;0;0;0;0;1;0;0;0;0;0;0;0;0;0;
leo;24;marinne;8;0;0;2;4;0;0;0;0;0;1;0;0;0;0;
marinne;24;marinne;8;0;0;2;4;0;0;0;0;0;1;0;0;0;0;
leo;25;marinne;0;0;0;0;0;0;0;0;0;0;0;1;0;0;0;
marinne;25;marinne;0;0;0;0;0;1;0;0;0;0;0;0;0;0;0;
leo;26;marinne;8;0;0;2;4;0;0;0;0;0;1;0;0;0;0;
marinne;26;marinne;8;0;0;2;4;0;0;0;0;0;1;0;0;0;0;
leo;27;marinne;0;0;0;0;0;0;0;0;0;0;0;1;0;0;0;
marinne;27;marinne;0;0;0;0;0;1;0;0;0;0;0;0;0;0;0;
leo;28;marinne;8;0;0;2;4;0;0;0;0;0;1;0;0;0;0;
marinne;28;marinne;8;0;0;2;4;0;0;0;0;0;1;0;0;0;0;
leo;29;marinne;0;0;0;0;0;0;0;0;0;0;0;1;0;0;0;
marinne;29;marinne;0;0;0;0;0;1;0;0;0;0;0;0;0;0;0;
leo;30;marinne;8;0;0;2;4;0;0;0;0;0;1;0;0;0;0;
marinne;30;marinne;8;0;0;2;4;0;0;0;0;0;1;0;0;0;0;
leo;31;marinne;0;0;0;0;0;1;0;0;0;0;0;0;0;0;0;
marinne;31;marinne;0;0;0;0;0;0;0;0;0;0;0;1;0;0;0;
leo;32;marinne;8;0;0;2;4;0;0;0;0;0;1;0;0;0;0;
marinne;32;marinne;8;0;0;2;4;0;0;0;0;0;1;0;0;0;0;
leo;33;marinne;0;0;0;0;0;1;0;0;0;0;0;0;0;0;0;
marinne;33;marinne;0;0;0;0;0;0;0;0;0;0;0;1;0;0;0;
PLAYER1;34;PLAYER2;0;0;0;0;0;0;0;0;1;0;0;0;0;0;0;
PLAYER2;34;PLAYER2;0;0;0;0;0;0;0;0;1;0;0;0;0;0;0;
PLAYER1;35;PLAYER2;0;0;0;0;0;0;0;0;1;0;0;0;0;0;0;
PLAYER2;35;PLAYER2;0;0;0;0;0;0;0;0;1;0;0;0;0;0;0;
marinette;36;leo;8;0;0;2;4;0;0;0;0;0;1;0;0;0;0;
leo;36;leo;8;0;0;2;4;0;0;0;0;0;1;0;0;0;0;
marinette;37;leo;0;0;0;0;0;1;0;0;0;0;0;0;0;0;0;
leo;37;leo;0;0;0;0;0;0;0;0;0;0;0;1;0;0;0;
leo;38;marinette;8;0;0;2;4;0;0;0;0;0;1;0;0;0;0;
marinette;38;marinette;8;0;0;2;4;0;0;0;0;0;1;0;0;0;0;
leo;39;marinette;0;0;0;0;0;1;0;0;0;0;0;0;0;0;0;
marinette;39;marinette;0;0;0;0;0;0;0;0;0;0;0;1;0;0;0;
leo;40;marinette;8;0;0;2;4;0;0;0;0;0;1;0;0;0;0;
marinette;40;marinette;8;0;0;2;4;0;0;0;0;0;1;0;0;0;0;
leo;41;marinette;0;0;0;0;0;1;0;0;0;0;0;0;0;0;0;
marinette;41;marinette;0;0;0;0;0;0;0;0;0;0;0;1;0;0;0;
leo;42;marinette;8;0;0;2;4;0;0;0;0;0;1;0;0;0;0;
marinette;42;marinette;8;0;0;2;4;0;0;0;0;0;1;0;0;0;0;
leo;43;marinette;0;0;0;0;0;1;0;0;0;0;0;0;0;0;0;
marinette;43;marinette;0;0;0;0;0;0;0;0;0;0;0;1;0;0;0;
leo;44;marinette;8;0;0;2;4;0;0;0;0;0;1;0;0;0;0;
marinette;44;marinette;8;0;0;2;4;0;0;0;0;0;1;0;0;0;0;
leo;45;marinette;0;0;0;0;0;1;0;0;0;0;0;0;0;0;0;
marinette;45;marinette;0;0;0;0;0;0;0;0;0;0;0;1;0;0;0;
leo;46;marinette;8;0;0;2;4;0;0;0;0;0;1;0;0;0;0;
marinette;46;marinette;8;0;0;2;4;0;0;0;0;0;1;0;0;0;0;
leo;47;marinette;0;0;0;0;0;1;0;0;0;0;0;0;0;0;0;
marinette;47;marinette;0;0;0;0;0;0;0;0;0;0;0;1;0;0;0;
leo;36;marinette;8;0;0;2;4;0;0;0;0;0;1;0;0;0;0;
marinette;36;marinette;8;0;0;2;4;0;0;0;0;0;1;0;0;0;0;
leo;37;marinette;0;0;0;0;0;0;0;0;0;0;0;1;0;0;0;
marinette;37;marinette;0;0;0;0;0;1;0;0;0;0;0;0;0;0;0;
leo;38;marinette;8;0;0;2;4;0;0;0;0;0;1;0;0;0;0;
marinette;38;marinette;8;0;0;2;4;0;0;0;0;0;1;0;0;0;0;
leo;39;marinette;0;0;0;0;0;0;0;0;0;0;0;1;0;0;0;
marinette;39;marinette;0;0;0;0;0;1;0;0;0;0;0;0;0;0;0;
leo;40;marinette;8;0;0;2;4;0;0;0;0;0;1;0;0;0;0;
marinette;40;marinette;8;0;0;2;4;0;0;0;0;0;1;0;0;0;0;
leo;41;marinette;0;0;0;0;0;0;0;0;0;0;0;1;0;0;0;
marinette;41;marinette;0;0;0;0;0;1;0;0;0;0;0;0;0;0;0;
leo;42;marinette;8;0;0;2;4;0;0;0;0;0;1;0;0;0;0;
marinette;42;marinette;8;0;0;2;4;0;0;0;0;0;1;0;0;0;0;
leo;43;marinette;0;0;0;0;0;0;0;0;0;0;0;1;0;0;0;
marinette;43;marinette;0;0;0;0;0;1;0;0;0;0;0;0;0;0;0;
leo;44;marinette;8;0;0;2;4;0;0;0;0;0;1;0;0;0;0;
marinette;44;marinette;8;0;0;2;4;0;0;0;0;0;1;0;0;0;0;
leo;45;marinette;8;0;0;2;4;0;0;0;0;0;1;1;0;0;0;
marinette;45;marinette;8;0;0;2;4;0;0;0;1;0;1;0;0;0;0;
leo;46;marinette;8;0;0;2;4;0;0;0;0;0;1;0;0;0;0;
marinette;46;marinette;8;0;0;2;4;0;0;0;0;0;1;0;0;0;0;
leo;47;marinette;8;0;0;2;4;0;0;0;0;0;1;1;0;0;0;
marinette;47;marinette;8;0;0;2;4;0;0;0;1;0;1;0;0;0;0;
leo;48;leo;0;0;0;0;0;1;0;0;0;0;0;0;0;0;0;
leo;48;leo;0;0;0;0;0;0;0;0;0;0;0;1;0;0;0;
leo;49;marinette;8;0;0;2;4;0;0;0;0;0;1;0;0;0;0;
marinette;49;marinette;8;0;0;2;4;0;0;0;0;0;1;0;0;0;0;
leo;50;marinette;8;0;0;2;4;0;0;0;0;0;1;1;0;0;0;
marinette;50;marinette;8;0;0;2;4;0;0;0;1;0;1;0;0;0;0;
leo;51;marinette;8;0;0;2;4;0;0;0;0;0;1;0;0;0;0;
marinette;51;marinette;8;0;0;2;4;0;0;0;0;0;1;0;0;0;0;
leo;52;marinette;8;0;0;2;4;0;0;0;0;0;1;1;0;0;0;
marinette;52;marinette;8;0;0;2;4;0;0;0;1;0;1;0;0;0;0;
leo;53;marinette;8;0;0;2;4;0;0;0;0;0;1;0;0;0;0;
marinette;53;marinette;8;0;0;2;4;0;0;0;0;0;1;0;0;0;0;
leo;54;marinette;8;0;0;2;4;0;0;0;0;0;1;1;0;0;0;
marinette;54;marinette;8;0;0;2;4;0;0;0;1;0;1;0;0;0;0;
leo;55;marinette;8;0;0;2;4;0;0;0;0;0;1;0;0;0;0;
marinette;55;marinette;8;0;0;2;4;0;0;0;0;0;1;0;0;0;0;
leo;56;marinette;8;0;0;2;4;0;0;0;0;0;1;1;0;0;0;
marinette;56;marinette;8;0;0;2;4;0;0;0;1;0;1;0;0;0;0;
leo;57;marinette;0;0;0;0;0;1;0;0;0;0;0;0;0;0;0;
marinette;57;marinette;0;0;0;0;0;0;0;0;0;0;0;1;0;0;0;
leo;58;marinette;8;0;0;2;4;0;0;0;0;0;1;0;0;0;0;
marinette;58;marinette;8;0;0;2;4;0;0;0;0;0;1;0;0;0;0;
leo;59;marinette;8;0;0;2;4;0;0;0;0;0;1;1;0;0;0;
marinette;59;marinette;8;0;0;2;4;0;0;0;1;0;1;0;0;0;0;
leo;60;marinette;8;0;0;2;4;0;0;0;0;0;1;0;0;0;0;
marinette;60;marinette;8;0;0;2;4;0;0;0;0;0;1;0;0;0;0;
leo;61;marinette;0;0;0;0;0;1;0;0;0;0;0;0;0;0;0;
marinette;61;marinette;0;0;0;0;0;0;0;0;0;0;0;1;0;0;0;
leo;62;marinette;8;0;0;2;4;0;0;0;0;0;1;0;0;0;0;
marinette;62;marinette;8;0;0;2;4;0;0;0;0;0;1;0;0;0;0;
leo;63;marinette;0;0;0;0;0;1;0;0;0;0;0;0;0;0;0;
marinette;63;marinette;0;0;0;0;0;0;0;0;0;0;0;1;0;0;0;
leo;64;marinette;8;0;0;2;4;0;0;0;0;0;1;0;0;0;0;
marinette;64;marinette;8;0;0;2;4;0;0;0;0;0;1;0;0;0;0;
leo;65;marinette;0;0;0;0;0;1;0;0;0;0;0;0;0;0;0;
marinette;65;marinette;0;0;0;0;0;0;0;0;0;0;0;1;0;0;0;
leo;66;marinette;8;0;0;2;4;0;0;0;0;0;1;0;0;0;0;
marinette;66;marinette;8;0;0;2;4;0;0;0;0;0;1;0;0;0;0;
leo;67;marinette;0;0;0;0;0;1;0;0;0;0;0;0;0;0;0;
marinette;67;marinette;0;0;0;0;0;0;0;0;0;0;0;1;0;0;0;
leo;68;marinette;8;0;0;2;4;0;0;0;0;0;1;0;0;0;0;
marinette;68;marinette;8;0;0;2;4;0;0;0;0;0;1;0;0;0;0;
leo;69;marinette;0;0;0;0;0;1;0;0;0;0;0;0;0;0;0;
marinette;69;marinette;0;0;0;0;0;0;0;0;0;0;0;1;0;0;0;
leo;70;marinette;8;0;0;2;4;0;0;0;0;0;1;0;0;0;0;
marinette;70;marinette;8;0;0;2;4;0;0;0;0;0;1;0;0;0;0;
leo;71;marinette;0;0;0;0;0;1;0;0;0;0;0;0;0;0;0;
marinette;71;marinette;0;0;0;0;0;0;0;0;0;0;0;1;0;0;0;
leo;72;marinette;8;0;0;2;4;0;0;0;0;0;1;0;0;0;0;
marinette;72;marinette;8;0;0;2;4;0;0;0;0;0;1;0;0;0;0;
leo;73;marinette;0;0;0;0;0;1;0;0;0;0;0;0;0;0;0;
marinette;73;marinette;0;0;0;0;0;0;0;0;0;0;0;1;0;0;0;
leo;74;marinette;8;0;0;2;4;0;0;0;0;0;1;0;0;0;0;
marinette;74;marinette;8;0;0;2;4;0;0;0;0;0;1;0;0;0;0;
leo;75;marinette;0;0;0;0;0;1;0;0;0;0;0;0;0;0;0;
marinette;75;marinette;0;0;0;0;0;0;0;0;0;0;0;1;0;0;0;
leo;76;marinette;8;0;0;2;4;0;0;0;0;0;1;0;0;0;0;
marinette;76;marinette;8;0;0;2;4;0;0;0;0;0;1;0;0;0;0;
leo;77;marinette;0;0;0;0;0;1;0;0;0;0;0;0;0;0;0;
marinette;77;marinette;0;0;0;0;0;0;0;0;0;0;0;1;0;0;0;
leo;78;marinette;8;0;0;2;4;0;0;0;0;0;1;0;0;0;0;
marinette;78;marinette;8;0;0;2;4;0;0;0;0;0;1;0;0;0;0;
leo;79;marinette;0;0;0;0;0;1;0;0;0;0;0;0;0;0;0;
marinette;79;marinette;0;0;0;0;0;0;0;0;0;0;0;1;0;0;0;
leo;80;marinette;8;0;0;2;4;0;0;0;0;0;1;0;0;0;0;
marinette;80;marinette;8;0;0;2;4;0;0;0;0;0;1;0;0;0;0;
leo;81;marinette;0;0;0;0;0;1;0;0;0;0;0;0;0;0;0;
marinette;81;marinette;0;0;0;0;0;0;0;0;0;0;0;1;0;0;0;
leo;82;marinette;8;0;0;2;4;0;0;0;0;0;1;0;0;0;0;
marinette;82;marinette;8;0;0;2;4;0;0;0;0;0;1;0;0;0;0;
leo;83;marinette;0;0;0;0;0;1;0;0;0;0;0;0;0;0;0;
marinette;83;marinette;0;0;0;0;0;0;0;0;0;0;0;1;0;0;0;
leo;84;marinette;8;0;0;2;4;0;0;0;0;0;1;0;0;0;0;
marinette;84;marinette;8;0;0;2;4;0;0;0;0;0;1;0;0;0;0;
leo;85;marinette;0;0;0;0;0;1;0;0;0;0;0;0;0;0;0;
marinette;85;marinette;0;0;0;0;0;0;0;0;0;0;0;1;0;0;0;
leo;86;marinette;8;0;0;2;4;0;0;0;0;0;1;0;0;0;0;
marinette;86;marinette;8;0;0;2;4;0;0;0;0;0;1;0;0;0;0;
leo;87;marinette;0;0;0;0;0;1;0;0;0;0;0;0;0;0;0;
marinette;87;marinette;0;0;0;0;0;0;0;0;0;0;0;1;0;0;0;
leo;88;marinette;8;0;0;2;4;0;0;0;0;0;1;0;0;0;0;
marinette;88;marinette;8;0;0;2;4;0;0;0;0;0;1;0;0;0;0;
leo;89;marinette;0;0;0;0;0;1;0;0;0;0;0;0;0;0;0;
marinette;89;marinette;0;0;0;0;0;0;0;0;0;0;0;1;0;0;0;
leo;90;marinette;8;0;0;2;4;0;0;0;0;0;1;0;0;0;0;
marinette;90;marinette;8;0;0;2;4;0;0;0;0;0;1;0;0;0;0;
leo;91;marinette;0;0;0;0;0;1;0;0;0;0;0;0;0;0;0;
marinette;91;marinette;0;0;0;0;0;0;0;0;0;0;0;1;0;0;0;
leo;92;marinette;8;0;0;2;4;0;0;0;0;0;1;0;0;0;0;
marinette;92;marinette;8;0;0;2;4;0;0;0;0;0;1;0;0;0;0;
leo;93;marinette;0;0;0;0;0;1;0;0;0;0;0;0;0;0;0;
marinette;93;marinette;0;0;0;0;0;0;0;0;0;0;0;1;0;0;0;
leo;94;marinette;0;0;0;0;0;1;0;0;0;0;0;0;0;0;0;
marinette;94;marinette;0;0;0;0;0;0;0;0;0;0;0;1;0;0;0;
leo;95;marinette;8;0;0;2;4;0;0;0;0;0;1;0;0;0;0;
marinette;95;marinette;8;0;0;2;4;0;0;0;0;0;1;0;0;0;0;
leo;96;marinette;8;0;0;2;4;0;0;0;0;0;1;1;0;0;0;
marinette;96;marinette;8;0;0;2;4;0;0;0;1;0;1;0;0;0;0;
leo;97;marinette;8;0;0;2;4;0;0;0;0;0;1;0;0;0;0;
marinette;97;marinette;8;0;0;2;4;0;0;0;0;0;1;0;0;0;0;
leo;98;marinette;8;0;0;2;4;0;0;0;0;0;1;1;0;0;0;
marinette;98;marinette;8;0;0;2;4;0;0;0;1;0;1;0;0;0;0;
